date ctbill cgbond01 cgbond05 cgbond10 crgdp cngdp ccs ccpi crlend cgbal cggip ccprof cpop chst cgdebt cgrev curate ceempl
1993-12-31 6.09231 7.04 8.11667 8.50667 4.38869 195301.0 136836.0 -0.117141 7.16667 -6.99792 17204.0 11.59775 28907.4 0.0409143 768020.0 81894.0 10.6333 2.067703
1994-03-31 5.63846 7.14667 8.58 8.98333 4.72224 199583.0 137433.0 0.116754 7.25 -5.62673 17857.0 20.98918 29000.7 0.0391752 774464.0 84947.0 10.1333 2.851104
1994-06-30 5.81154 7.35 8.69667 9.09333 5.0303 202072.0 139040.0 0.0387192 7.33333 -5.54159 18079.0 19.1925 29096.4 0.0349116 795310.0 85109.0 9.76667 3.382054
1994-09-30 7.83846 8.39 8.72333 8.96333 4.4621 205346.0 138982.0 1.63678 9.5 -5.19513 18665.0 14.31883 29141.9 0.0298868 831219.0 86514.0 9.63333 3.11271
1994-12-31 7.48385 7.38 7.67 8.11333 2.98839 206553.0 140048.0 2.73651 9.25 -5.29598 19826.0 13.95772 29211.5 0.0270205 848168.0 87271.0 9.5 2.138801
1995-03-31 6.54308 6.95667 7.66 8.09 1.82219 207583.0 141570.0 2.33191 8.08333 -4.62706 19557.0 5.028054 29302.3 0.0271582 864918.0 88506.0 9.43333 1.168701
1995-06-30 6.08538 6.23667 7.06333 7.48 1.49864 209491.0 141617.0 2.05188 7.75 -4.32763 19689.0 5.391378 29396.3 0.028718 851710.0 89027.0 9.3 0.1751388
1995-09-30 5.23538 5.48333 6.67333 7.31667 0.633335 210357.0 143541.0 1.45706 7.0 -3.45936 19564.0 3.819258 29446.9 0.0264164 907059.0 90812.0 9.5 0.1292347
1995-12-31 4.78308 5.49667 7.07667 7.76 1.29944 212523.0 143816.0 1.40793 6.5 -3.30035 19209.0 3.841114 29514.2 0.0311282 900608.0 91029.0 9.43333 0.4568142
1996-03-31 4.24 4.92 6.69667 7.45333 2.05477 215446.0 144412.0 1.40524 5.91667 -2.30452 19022.0 7.450188 29610.2 0.0330953 922199.0 92417.0 9.66667 0.3280191
1996-06-30 3.08231 3.56333 5.47667 6.39 2.451 218697.0 147061.0 2.04855 4.83333 -1.55055 18713.0 6.956784 29708.2 0.0329686 935319.0 93845.0 9.83333 0.1632381
1996-09-30 2.90461 3.65333 5.56667 6.49 3.73836 222198.0 149610.0 2.1542 4.75 -1.09902 18712.0 9.659226 29751.5 0.0355092 942096.0 95523.0 9.43333 0.4290324
1996-12-31 3.02692 3.94333 5.77 6.54 4.18127 224093.0 150906.0 1.57597 4.75 -0.533261 18717.0 7.64453 29818.0 0.0364925 926533.0 98982.0 9.3 0.3419396
1997-03-31 3.09539 4.09667 5.30667 5.94333 4.50914 227392.0 152882.0 1.72285 4.75 -0.441968 18477.0 5.530387 29905.9 0.0384932 920611.0 98898.0 8.86667 1.17098
1997-06-30 3.60714 4.41 5.17 5.59333 4.67829 230219.0 153927.0 1.00373 5.58333 0.583792 18380.0 6.399053 29994.8 0.0369278 935347.0 101128.0 8.76667 2.210389
1997-09-30 4.40333 4.94333 5.17 5.40667 4.76378 232848.0 154015.0 1.10989 6.33333 -0.483148 18844.0 3.371072 30028.5 0.0348384 951243.0 100439.0 8.6 2.190103
1997-12-31 4.69308 5.08333 5.19667 5.34 3.64228 232977.0 155892.0 0.960469 6.5 0.404332 18904.0 0.08425989 30080.2 0.0347281 943910.0 103380.0 8.33333 2.648305
1998-03-31 5.01286 5.31 5.33 5.39 3.36865 233924.0 156786.0 0.736368 6.75 -0.532652 18972.0 -3.001364 30155.2 0.033835 931493.0 101897.0 8.2 2.455342
1998-06-30 4.70385 4.80667 4.78 4.98333 3.77051 237546.0 157253.0 1.14095 6.83333 0.11703 19013.0 -2.721845 30231.6 0.0342722 951175.0 103881.0 8.03333 2.286315
1998-09-30 4.75461 4.94667 5.01 5.09667 4.19031 242956.0 159569.0 0.84157 6.75 1.63775 18681.0 3.055448 30260.1 0.0343823 958769.0 106297.0 7.9 2.57422
1998-12-31 4.49923 4.82333 5.18667 5.32333 5.01964 247687.0 161185.0 1.60996 6.33333 1.13167 18815.0 11.22824 30314.7 0.0375747 944718.0 107956.0 7.9 2.467014
1999-03-31 4.69 5.23333 5.58 5.65667 5.67534 254434.0 163182.0 2.15642 6.25 1.62242 18798.0 20.89827 30401.3 0.037848 925187.0 110754.0 7.5 3.089912
1999-06-30 4.76462 5.55667 6.03667 6.08667 5.74884 259379.0 164743.0 2.36536 6.41667 2.02407 18999.0 21.12392 30492.1 0.0400008 929294.0 112725.0 6.96667 3.313627
1999-09-30 5.03385 5.83 6.31333 6.28667 5.52402 266644.0 166492.0 2.72133 6.75 2.97213 18936.0 19.06005 30525.9 0.0367916 938057.0 116379.0 6.86667 3.172538
1999-12-31 5.52308 6.07333 6.12333 6.01333 5.89179 273952.0 167932.0 2.41268 7.33333 2.82787 18913.0 18.80409 30594.0 0.0361151 933546.0 119744.0 6.66667 4.014104
2000-03-31 5.59923 5.89 5.89 5.78667 5.32084 279495.0 170099.0 2.68337 7.5 2.89093 19054.0 16.47148 30685.7 0.040117 924084.0 120779.0 6.9 3.362298
2000-06-30 5.60769 5.75333 5.64667 5.61667 4.02963 282289.0 170510.0 3.12833 7.5 2.33697 19874.0 12.58001 30784.0 0.0389465 933168.0 120891.0 6.9 3.453051
2000-09-30 5.00769 4.84 5.13 5.38333 2.92825 286497.0 171886.0 2.71988 7.08333 1.05237 19256.0 12.40955 30824.4 0.0382074 962669.0 120994.0 7.0 3.219222
2000-12-31 4.37462 4.46333 5.32667 5.71667 1.97909 287211.0 172200.0 3.58649 6.33333 2.37665 18266.0 7.368217 30911.0 0.0418145 933961.0 122888.0 7.1 2.28882
2001-03-31 3.87769 3.91 5.07 5.54333 0.882828 283677.0 172667.0 2.68294 5.66667 0.0373664 18129.0 -3.467931 31020.6 0.0395323 964871.0 116886.0 7.16667 2.006934
2001-06-30 2.37077 2.47667 4.51333 5.27333 1.32091 283120.0 174816.0 1.06859 4.16667 -0.959311 17879.0 -5.306188 31130.0 0.0434434 974323.0 115724.0 7.63333 1.310248
2001-09-30 2.00692 2.61 4.76667 5.44333 2.29807 288631.0 177485.0 1.54746 3.75 -0.539097 17063.0 -6.939098 31171.1 0.0501763 970751.0 116426.0 7.93333 1.604666
2001-12-31 2.49154 3.32667 4.95667 5.56 2.6163 295386.0 179746.0 1.32383 4.08333 0.446196 16887.0 -0.5688708 31254.2 0.0506795 971896.0 118905.0 7.7 2.148221
2002-03-31 2.80385 3.11 4.31333 5.1 3.59125 299977.0 180113.0 2.40923 4.5 0.144011 16718.0 9.730423 31358.4 0.0511552 993952.0 120198.0 7.5 2.901888
2002-06-30 2.72385 2.99333 4.27 5.06333 3.53038 305458.0 181950.0 3.81995 4.5 0.654755 16678.0 14.70133 31450.4 0.0533932 993939.0 123858.0 7.53333 3.001196
2002-09-30 2.82846 3.26667 4.24333 4.99 2.5726 311419.0 182766.0 4.40234 4.58333 0.739518 16627.0 18.40844 31480.0 0.0522699 996404.0 125667.0 7.4 3.068785
2002-12-31 3.16077 3.30333 3.92333 4.67 1.83994 308325.0 184260.0 2.74704 5.0 -0.586394 16419.0 8.341874 31549.9 0.0511807 1005070.0 122826.0 7.66667 2.338439
2003-03-31 2.80692 2.81333 3.88 4.78 1.33841 313475.0 185866.0 2.15378 4.66667 0.704043 16331.0 6.833298 31641.6 0.0583133 993131.0 126817.0 7.76667 1.42765
2003-06-30 2.645 2.76333 4.05333 4.80333 1.47123 317096.0 186070.0 1.70825 4.5 0.737316 16274.0 5.243285 31734.8 0.0572144 1001590.0 128455.0 7.46667 1.838374
2003-09-30 2.20846 2.23667 3.53667 4.43333 1.64291 322922.0 188415.0 0.908172 4.16667 1.20679 16273.0 1.61712 31775.4 0.0546413 1030670.0 130554.0 7.33333 1.603573
2003-12-31 1.98154 2.39333 3.92667 4.77 2.99753 330886.0 189226.0 2.21719 3.75 1.42768 16133.0 9.749614 31844.9 0.0590076 1019740.0 131913.0 7.16667 1.790931
2004-03-31 2.14846 2.66667 3.93667 4.66 3.83067 336738.0 191024.0 1.94616 3.83333 2.23052 15890.0 11.05423 31938.0 0.0609031 1011300.0 134759.0 7.0 1.79968
2004-06-30 2.53846 2.83333 3.83667 4.45 3.86387 340632.0 192626.0 2.29331 4.25 1.84598 15741.0 12.55824 32037.4 0.0595704 1014040.0 135762.0 7.13333 1.455703
2004-09-30 2.46385 2.78333 3.65333 4.27667 3.47205 343930.0 195371.0 2.18582 4.25 2.73195 15647.0 10.66046 32075.3 0.0508941 1049340.0 139216.0 6.93333 1.117099
2004-12-31 2.46077 2.78667 3.43333 4.03 2.99089 348717.0 197080.0 1.85004 4.25 2.64971 15728.0 7.244717 32141.2 0.0593062 1070050.0 141285.0 6.86667 0.9380613
2005-03-31 2.65846 3.01667 3.41 3.89667 3.03344 358127.0 198434.0 2.57716 4.33333 2.50219 15711.0 10.46151 32242.4 0.0576177 1072190.0 142778.0 6.7 1.185249
2005-06-30 3.15923 3.64667 3.84667 4.06667 3.31221 366254.0 200336.0 2.30498 4.83333 3.07601 15671.0 12.28617 32352.2 0.0573491 1074740.0 146405.0 6.53333 1.087379
2005-09-30 3.59769 3.93667 4.03 4.13333 3.78629 367883.0 203124.0 2.54797 5.33333 2.99171 15628.0 9.742524 32394.6 0.0592489 1085970.0 148885.0 6.46667 1.284821
2005-12-31 4.08615 4.28333 4.29 4.42 3.10243 371580.0 204915.0 2.5368 5.91667 3.35298 15698.0 8.351562 32470.5 0.0580297 1080880.0 151083.0 6.16667 2.306419
2006-03-31 4.16154 4.27667 4.14 4.25333 2.13202 375168.0 207056.0 1.61287 6.0 2.86538 15708.0 2.302445 32570.5 0.0547722 1084250.0 151350.0 6.4 2.311937
2006-06-30 4.16846 4.14333 3.93 4.02667 1.51187 377576.0 209130.0 1.3889 6.0 3.25312 15773.0 -2.410116 32679.0 0.0564014 1112820.0 154633.0 6.13333 2.461423
2006-09-30 4.16846 4.19 4.00667 4.09667 1.3559 385756.0 210778.0 1.84048 6.0 2.48551 15346.0 1.410708 32716.6 0.0552572 1125460.0 152984.0 6.16667 2.63469
2006-12-31 4.22154 4.44 4.34667 4.35667 2.28474 393093.0 213908.0 2.10751 6.0 3.68437 15623.0 4.214944 32785.1 0.0576513 1093710.0 160566.0 6.1 1.437447
2007-03-31 4.26385 4.48 4.42333 4.46 2.42512 394501.0 215860.0 2.07573 6.25 3.33611 15652.0 3.419076 32887.9 0.0619619 1085520.0 161494.0 5.93333 1.859661
2007-06-30 3.91308 4.13667 4.03667 4.16667 2.18314 400182.0 219802.0 2.49616 6.16667 3.00838 15320.0 6.213286 33001.1 0.0535072 1111440.0 161364.0 5.93333 2.103977
2007-09-30 3.10154 3.10333 3.30333 3.73333 1.58689 408293.0 221678.0 1.74695 5.58333 2.08723 15655.0 9.169139 33049.8 0.0561959 1127500.0 162430.0 5.96667 1.896179
2007-12-31 2.50923 2.85667 3.24333 3.66667 0.964868 418274.0 222115.0 2.39309 4.75 1.69052 15404.0 12.46678 33126.9 0.0563518 1107040.0 161935.0 6.0 1.986173
2008-03-31 2.35308 2.8 3.16667 3.62667 1.38582 422607.0 222301.0 3.55855 4.75 1.93892 15102.0 15.09934 33245.8 0.0536099 1114940.0 164421.0 6.1 1.052209
2008-06-30 1.46286 1.64333 2.50667 3.39667 0.0730634 403749.0 219692.0 1.84144 3.83333 -0.355666 14910.0 -3.00449 33371.8 0.0449724 1182110.0 156794.0 6.56667 0.2110889
2008-09-30 0.661667 0.773333 1.89667 2.88667 -2.27141 388295.0 218908.0 1.18411 2.83333 -1.13625 14858.0 -19.04597 33427.3 0.0324312 1233820.0 154673.0 7.83333 -1.686717
2008-12-31 0.257692 0.523333 2.22333 3.20333 -3.68392 386094.0 220535.0 0.0876427 2.25 -2.53021 14382.0 -24.11799 33511.8 0.0318639 1239190.0 151947.0 8.53333 -2.541
2009-03-31 0.225714 0.553333 2.58 3.42 -4.04848 390991.0 222612.0 -0.837368 2.25 -2.06987 14366.0 -22.69744 33628.6 0.0391299 1290210.0 155259.0 8.6 -2.560303
2009-06-30 0.21 0.56 2.62667 3.41333 -1.77903 401985.0 224004.0 0.787389 2.25 -1.59036 14315.0 -1.976422 33756.7 0.044543 1315000.0 159417.0 8.46667 -2.049994
2009-09-30 0.188461 0.646667 2.62333 3.46667 1.71515 410014.0 226514.0 1.60918 2.25 -1.90262 14565.0 17.90428 33807.7 0.0491763 1342510.0 158030.0 8.23333 0.1870813
2009-12-31 0.411539 1.14 2.81 3.47333 3.37886 412296.0 228432.0 1.3719 2.33333 -1.75578 14580.0 17.50069 33890.0 0.049868 1374580.0 161020.0 8.0 1.964008
2010-03-31 0.693077 1.14 2.25333 3.00667 3.64808 415372.0 230284.0 1.86368 2.83333 -2.93953 15309.0 12.08879 34005.3 0.047934 1408270.0 158074.0 8.1 2.410996
2010-06-30 0.943846 1.28 2.22333 2.99667 3.59604 424448.0 232484.0 2.22805 3.0 -2.70021 15536.0 7.694754 34131.4 0.0445857 1434960.0 161412.0 7.66667 2.53726
2010-09-30 0.946923 1.36667 2.62333 3.31333 3.13331 433460.0 232990.0 2.44741 3.0 -1.78655 15755.0 6.322905 34165.9 0.0445562 1439290.0 165988.0 7.7 2.479204
2010-12-31 0.95 1.31333 2.47 3.15667 2.80061 438910.0 234090.0 3.42637 3.0 -1.29753 15934.0 9.895866 34230.6 0.0480733 1482540.0 170508.0 7.53333 1.890465
2011-03-31 0.888461 1.00667 1.73667 2.53 3.48837 445400.0 235112.0 3.03028 3.0 -1.49416 15710.0 14.6555 34342.8 0.0509278 1539430.0 170114.0 7.33333 1.947318
2011-06-30 0.856923 0.896667 1.4 2.13667 3.14007 452151.0 236547.0 2.6606 3.0 -1.17748 15872.0 12.29789 34469.3 0.0498299 1577650.0 172262.0 7.43333 1.391068
2011-09-30 0.88 1.02333 1.42667 2.03667 2.41578 452680.0 237847.0 2.41711 3.0 -0.744234 15620.0 5.268603 34536.4 0.0519928 1590630.0 174391.0 7.46667 0.9904681
2011-12-31 0.952308 1.09667 1.42667 1.91 2.55904 453657.0 238224.0 1.50334 3.0 -0.891863 15749.0 0.9802719 34621.1 0.0573091 1656460.0 174440.0 7.3 1.422465
2012-03-31 0.962308 1.07333 1.33 1.77667 1.3546 456572.0 239666.0 1.22089 3.0 -1.05066 15324.0 -2.543912 34750.6 0.0556678 1653840.0 174975.0 7.26667 1.371315
2012-06-30 0.966154 1.08 1.34 1.77333 0.682664 459899.0 240978.0 0.992548 3.0 -0.641445 15773.0 -4.569285 34881.4 0.0504414 1693540.0 177870.0 7.26667 1.808306
2012-09-30 0.940769 1.05667 1.41333 1.91667 1.68775 468034.0 242547.0 0.933015 3.0 -1.14073 16019.0 1.286299 34936.5 0.0442709 1700900.0 177965.0 7.16667 1.854892
2012-12-31 1.0 1.06 1.39333 1.96333 2.01026 470481.0 244656.0 0.713146 3.0 -0.405117 15657.0 3.482253 35019.5 0.047173 1709980.0 181098.0 7.06667 1.155212
2013-03-31 1.0 1.10333 1.88 2.58333 2.64368 476923.0 246352.0 1.09646 3.0 0.327097 15767.0 6.433843 35152.4 0.0483121 1701460.0 185544.0 7.1 1.030612
2013-06-30 0.928462 1.00333 1.80667 2.58333 3.55198 482093.0 247858.0 0.955522 3.0 0.346199 15487.0 6.838936 35289.1 0.0482754 1709100.0 187112.0 7.06667 1.127614
2013-09-30 0.873846 0.953333 1.67333 2.46667 2.6233 489643.0 248636.0 1.33222 3.0 0.981327 15309.0 6.890508 35334.4 0.0449743 1733070.0 190749.0 7.0 0.9930887
2013-12-31 0.927692 0.993333 1.62333 2.35333 3.18457 495921.0 251029.0 2.26038 3.0 0.77714 15890.0 8.993608 35414.1 0.0490826 1812570.0 191304.0 7.0 0.6758301
2014-03-31 0.942308 1.01333 1.56 2.14333 3.09136 502291.0 252839.0 2.11498 3.0 0.94069 15273.0 8.130486 35535.4 0.049182 1823850.0 193098.0 7.0 0.8249075
2014-06-30 0.900714 0.98 1.46 1.95333 2.52625 502328.0 254601.0 1.97401 3.0 0.836903 15462.0 6.126613 35664.6 0.0458688 1829720.0 193784.0 6.7 0.5961027
2014-09-30 0.636667 0.626667 0.856667 1.44333 2.19383 496470.0 255022.0 1.0733 2.85 0.297702 14856.0 -4.4259 35689.0 0.0439091 1877330.0 194348.0 6.73333 0.5521202
2014-12-31 0.624615 0.67 0.946667 1.64333 0.837171 496992.0 256206.0 0.90543 2.85 1.33805 15318.0 -8.103626 35734.2 0.0486052 1909900.0 199838.0 6.83333 1.027903
2015-03-31 0.427143 0.45 0.753333 1.48 0.674164 501389.0 258032.0 1.22151 2.7 0.233152 15832.0 -7.580653 35832.5 0.0527628 1925870.0 198062.0 6.96667 0.926228
2015-06-30 0.444615 0.51 0.856667 1.51667 0.323081 500060.0 259639.0 1.27288 2.7 0.484742 15042.0 -9.638459 35961.3 0.0483204 1954910.0 200924.0 7.06667 0.6428372
2015-09-30 0.449231 0.463333 0.653333 1.21667 1.14387 502241.0 260634.0 1.51314 2.7 1.04711 15142.0 -2.730566 36017.9 0.0490891 1948090.0 201723.0 7.13333 0.555038
2015-12-31 0.510769 0.553333 0.713333 1.28667 1.02501 502354.0 261907.0 1.55716 2.7 0.0742504 14945.0 -3.603371 36122.4 0.0498481 2006190.0 200033.0 6.93333 0.6236389
2016-03-31 0.500769 0.55 0.64 1.06 1.51302 511141.0 263866.0 1.2329 2.7 -0.0890165 14837.0 0.7596564 36264.6 0.049949 2037950.0 200582.0 7.0 0.6812277
2016-06-30 0.486154 0.576667 0.9 1.44667 1.97048 519770.0 266072.0 1.38781 2.7 -0.199896 15020.0 8.246469 36415.7 0.0490231 2008910.0 203370.0 6.86667 1.442399
2016-09-30 0.47 0.616667 1.13333 1.71 2.34822 528766.0 268236.0 1.90897 2.7 0.0951272 15354.0 11.73756 36475.0 0.0554435 2011730.0 206686.0 6.63333 2.062678
2016-12-31 0.533846 0.68 1.04333 1.51 3.72028 534178.0 271278.0 1.32538 2.66 1.17264 14931.0 15.01467 36560.8 0.0517126 2029230.0 214418.0 6.46667 1.91102
2017-03-31 0.795385 1.20667 1.59333 1.94667 3.03472 536456.0 273748.0 1.39933 3.06 0.0687848 14925.0 6.854453 36708.1 0.055799 2057360.0 209949.0 6.23333 1.936571
2017-06-30 0.924615 1.37333 1.69667 1.96333 2.90245 544995.0 275182.0 1.80782 3.177 -0.00091744 15268.0 5.027435 36885.1 0.0573733 2083470.0 212071.0 5.96667 1.864972
2017-09-30 NA NA 2.078 2.185 2.533 552723.0 NA 1.911 3.363 -0.507 15047.14 NA NA 0.05583721 NA 213930.5 5.881 NA
