date utbill ugbond05 ugbond10 urgdp ungdp ucpi ugbal uggip ucprof upop uhpi uhst ucrepi ugdebt ugrev uurate
1993-12-31 4.1 6.66667 7.08333 4.23309 1817.45 2.38258 -4.25543 96.9 18.66903 262734.0 101.993264769 366.667 2.262636 6092.87 522.175 6.2
1994-03-31 4.60667 6.95667 7.33333 4.33958 1838.07 2.85515 -4.43724 98.975 21.94424 263529.0 102.705720231 363.583 3.624639 6159.79 528.85 6.0
1994-06-30 5.43667 7.63333 7.83667 4.13321 1869.18 2.60333 -4.47445 101.75 15.58305 264313.0 103.2249347 368.0 4.521941 6252.73 536.925 5.63333
1994-09-30 5.91667 7.39333 7.48333 3.4745 1886.32 2.84028 -4.40953 105.05 14.28818 265099.0 103.684155631 331.0 3.338774 6308.09 546.375 5.46667
1994-12-31 5.77667 6.4 6.62 2.43589 1901.22 3.09538 -4.49111 107.275 14.01158 265890.0 103.94163863 321.833 2.577024 6350.02 552.575 5.66667
1995-03-31 5.53 6.08333 6.32333 2.70733 1926.62 2.66401 -4.23799 108.225 13.26547 266674.0 104.4608531 353.833 2.387619 6345.11 558.625 5.66667
1995-06-30 5.41667 5.68667 5.89333 2.27506 1949.88 2.62629 -3.74294 108.4 10.84301 267450.0 105.095934919 354.333 1.710287 6392.52 565.175 5.56667
1995-09-30 5.07 5.57 5.91 2.59544 1973.28 2.78392 -3.67975 108.3 15.67625 268214.0 105.5937783 365.167 1.758697 6464.08 577.975 5.53333
1995-12-31 5.15667 6.49 6.72 4.02387 2015.38 2.82708 -3.12304 107.425 13.37783 268982.0 106.36197883 373.917 2.370386 6447.38 594.65 5.5
1996-03-31 5.24333 6.54333 6.78 4.09451 2039.75 2.90011 -2.86145 108.2 8.766587 269778.0 107.014183269 375.333 -0.3483284 6506.63 599.75 5.26667
1996-06-30 5.11 6.10333 6.34333 4.45375 2071.77 3.23143 -2.50849 108.425 9.836734 270602.0 107.6021457 354.25 -0.2277457 6547.87 615.025 5.33333
1996-09-30 5.19667 6.35667 6.56333 4.56289 2100.52 2.94493 -2.20116 108.5 8.635708 271431.0 108.430339769 358.167 11.56932 6633.12 624.125 5.23333
1996-12-31 5.19 6.57 6.69667 4.31933 2137.98 2.30179 -1.89246 109.05 9.764524 272248.0 109.284410881 369.0 10.48717 6488.59 634.95 5.0
1997-03-31 5.18333 6.13 6.24333 4.67874 2172.95 2.22505 -1.33917 109.275 13.47572 273056.0 110.22422383 364.417 15.81082 6454.48 649.05 4.86667
1997-06-30 5.23 5.83333 5.90667 4.38771 2197.07 1.89075 -1.29425 109.025 8.695654 273854.0 111.55875822 383.0 22.70622 6529.93 656.85 4.66667
1997-09-30 5.19 5.50667 5.58667 4.62346 2222.43 1.48258 -0.584024 108.175 -3.208427 274653.0 113.36551643 389.667 17.75503 6486.39 668.55 4.63333
1997-12-31 5.11333 5.58667 5.59667 4.06766 2248.68 1.58331 -0.605701 107.35 -6.121021 275457.0 115.09065253 393.083 18.53593 6435.03 678.0 4.4
1998-03-31 4.95667 5.11667 5.20333 4.10464 2286.62 1.59621 -0.308271 106.575 -8.895358 276256.0 116.91878183 407.833 16.83718 6592.97 689.4 4.53333
1998-06-30 4.36667 4.39 4.67 4.99897 2331.43 1.52574 -0.224123 104.875 -10.0171 277050.0 118.7511596 430.583 11.00323 6481.34 701.75 4.43333
1998-09-30 4.52667 4.88333 4.98333 4.80072 2361.77 1.68723 -0.0385092 103.175 4.168214 277851.0 120.673656419 427.333 4.417476 6500.59 710.325 4.3
1998-12-31 4.58667 5.44333 5.54 4.64963 2389.25 2.11244 0.00749189 102.9 3.775455 278652.0 122.823639469 393.583 2.659859 6348.32 718.35 4.26667
1999-03-31 4.79333 5.77333 5.88333 4.5982 2428.07 2.34644 0.105701 101.85 0.7378259 279441.0 125.2139829 412.667 1.944088 6467.7 731.2 4.23333
1999-06-30 5.20333 6.06333 6.14 4.69471 2481.52 2.61983 0.0142856 102.025 4.343978 280216.0 127.72444215 413.667 3.021937 6363.02 748.225 4.06667
1999-09-30 5.69667 6.58667 6.48 4.16698 2507.75 3.25781 1.19665 101.75 -4.618858 281018.0 130.470498345 414.75 0.174352 6330.68 775.0 4.03333
1999-12-31 5.89 6.41667 6.17667 5.26646 2569.57 3.2938 0.9436 101.65 -5.122067 281824.0 133.475324955 396.667 2.103542 6234.76 783.175 3.93333
2000-03-31 6.2 6.05667 5.89333 4.08319 2589.35 3.46891 0.809914 101.125 -5.297854 282565.0 136.191770605 375.917 9.188347 6201.81 787.05 4.0
2000-06-30 6.19667 5.55 5.56667 2.88883 2618.07 3.4435 0.52298 101.275 -8.605416 283241.0 139.38842205 386.0 11.18707 6363.11 792.925 3.9
2000-09-30 4.94667 4.79667 5.05 2.29952 2627.02 3.40976 0.180404 101.425 -7.431845 283929.0 142.24648335 401.25 13.27128 6630.81 802.325 4.23333
2000-12-31 3.74667 4.83333 5.27 0.935471 2659.6 3.3249 -0.572332 100.0 -2.371341 284643.0 144.451825245 407.5 12.73339 6465.92 800.65 4.4
2001-03-31 3.24 4.48333 4.98 0.494921 2659.88 2.6782 -2.6616 98.5 -4.318123 285326.0 146.9712964 399.917 3.198726 6808.62 747.475 4.83333
2001-06-30 1.94333 4.09 4.77 0.205064 2675.32 1.8749 -2.29897 96.75 0.4249684 285978.0 149.176638295 392.5 -3.143995 6825.94 772.75 5.5
2001-09-30 1.75667 4.46 5.07667 1.41577 2708.6 1.23178 -4.24346 94.325 14.40291 286644.0 151.782366255 430.75 -1.857184 6919.19 737.675 5.7
2001-12-31 1.74667 4.44333 5.1 1.43741 2733.7 1.31732 -4.5656 96.5 13.82429 287322.0 155.4167388 422.75 -2.237713 7201.25 738.175 5.83333
2002-03-31 1.67333 3.34667 4.26 2.25492 2759.27 1.57628 -4.6095 97.075 22.60541 287964.0 159.424461695 424.333 -1.158479 7474.12 746.1 5.73333
2002-06-30 1.35667 3.01 4.00667 2.03617 2775.95 2.25352 -5.12146 99.15 30.49458 288571.0 163.080720295 432.417 4.292713 7672.77 749.925 5.86667
2002-09-30 1.17667 2.91 3.92 1.6292 2807.52 2.97642 -5.55098 100.15 16.16316 289159.0 166.492370045 434.0 7.867451 7841.72 753.525 5.86667
2002-12-31 1.06 2.57333 3.62 2.00962 2842.68 2.00593 -6.0557 101.7 16.78774 289762.0 169.6298004 438.417 7.834235 8000.57 758.5 6.13333
2003-03-31 0.95 3.14 4.23333 3.21555 2906.27 2.21689 -6.30771 102.55 18.27272 290410.0 173.822911055 472.417 5.261811 8149.21 752.925 6.13333
2003-06-30 0.933333 3.25 4.28667 4.35591 2954.2 2.00182 -5.43422 103.4 14.72436 291101.0 178.740836355 508.917 2.086032 8245.86 783.0 5.83333
2003-09-30 0.93 2.99333 4.02 4.41478 2997.1 1.81783 -5.84339 103.4 25.34911 291792.0 184.495581405 479.583 1.928624 9220.13 789.925 5.7
2003-12-31 1.09667 3.72333 4.6 4.21302 3045.35 2.78587 -5.5787 102.6 23.12178 292465.0 190.811639395 484.333 8.141751 9366.12 805.95 5.6
2004-03-31 1.51333 3.50667 4.30333 3.42795 3091.93 2.67489 -5.30453 104.65 23.16053 293142.0 196.610156555 494.25 17.44004 9693.51 828.975 5.43333
2004-06-30 2.04 3.49333 4.17333 3.11708 3140.55 3.38497 -4.93558 105.9 15.02517 293821.0 202.815496855 491.333 20.9591 9692.59 845.425 5.43333
2004-09-30 2.58333 3.88333 4.29667 3.62033 3203.43 3.03519 -4.16869 107.65 15.26601 294487.0 210.475616105 517.917 17.14165 9996.88 893.45 5.3
2004-12-31 2.92667 3.87333 4.16 3.40357 3243.52 2.92294 -4.13393 113.225 14.14588 295153.0 218.019868005 512.833 13.29265 10056.6 905.575 5.1
2005-03-31 3.43333 4.03667 4.21333 3.33314 3301.35 3.81974 -4.49775 113.925 11.20918 295850.0 224.7569107 525.0 8.660682 10196.5 923.1 4.96667
2005-06-30 3.91 4.39 4.49 3.03217 3345.4 3.67466 -3.95197 121.425 20.01997 296578.0 231.1424891 517.167 11.21704 10357.2 946.85 4.96667
2005-09-30 4.50333 4.54667 4.57 3.17042 3412.23 3.69087 -3.11152 118.075 13.97955 297307.0 236.017929705 530.083 13.62304 10430.0 981.625 4.73333
2005-12-31 4.82667 4.99 5.07 2.94156 3449.95 3.92426 -3.1756 123.7 14.05256 298024.0 236.88436 463.75 15.16681 10520.5 997.75 4.63333
2006-03-31 5.03333 4.84333 4.89667 2.17468 3477.12 3.34014 -3.22532 127.85 14.86807 298738.0 235.37808445 425.583 15.88892 10603.3 1009.3 4.63333
2006-06-30 5.03 4.6 4.63 2.38984 3516.6 1.96539 -2.958 122.85 3.391132 299450.0 236.442776655 392.5 11.66259 10691.6 1019.17 4.43333
2006-09-30 5.11667 4.64667 4.68 1.23676 3558.3 2.43163 -3.25109 128.5 -5.929704 300161.0 237.434086205 365.333 12.63061 10939.1 1046.95 4.5
2006-12-31 4.87333 4.76333 4.84667 1.70739 3605.57 2.66527 -3.4486 138.2 -3.17123 300873.0 233.83318645 362.75 12.59867 10747.2 1054.8 4.5
2007-03-31 4.42333 4.50333 4.73 2.30027 3642.43 2.34895 -3.78513 133.25 -10.35725 301587.0 229.50747205 322.25 12.41559 10949.7 1051.43 4.66667
2007-06-30 3.47333 3.78667 4.26 1.86791 3671.32 4.03117 -3.9904 129.775 -9.029025 302304.0 225.795854605 291.5 11.92432 11211.6 1055.57 4.8
2007-09-30 2.09 2.74667 3.66333 1.11028 3667.1 4.13705 -4.80231 128.925 -9.634855 303036.0 220.911402095 266.0 2.537347 11679.0 1046.68 5.0
2007-12-31 1.65333 3.16 3.88667 0.840366 3703.25 4.31044 -7.38417 130.025 -14.35907 303767.0 214.590194445 252.667 -6.245269 11761.4 1048.18 5.33333
2008-03-31 1.52 3.10667 3.86333 -0.313962 3710.75 5.2525 -7.13335 135.525 -9.669977 304460.0 208.518745305 215.583 -6.104619 12664.2 1030.3 6.0
2008-06-30 0.303333 2.18 3.25333 -2.76684 3637.48 1.59581 -7.6349 120.5 -30.7551 305114.0 200.8882366 165.75 -12.40807 13731.7 992.4 6.86667
2008-09-30 0.216667 1.76333 2.73667 -3.45545 3595.98 -0.184232 -10.4238 119.025 -8.992339 305778.0 193.2152432 131.417 -12.12321 14449.6 919.65 8.26667
2008-12-31 0.173333 2.23333 3.31333 -4.06192 3585.1 -0.942159 -12.5598 140.1 -4.869843 306458.0 190.451163195 133.583 -19.7714 14777.6 915.375 9.3
2009-03-31 0.156667 2.46667 3.51667 -3.2844 3596.02 -1.60695 -12.7308 142.525 6.708962 307112.0 190.8463996 147.083 -30.60036 15057.2 922.35 9.63333
2009-06-30 0.0566667 2.3 3.46 -0.240791 3641.62 1.48764 -12.0134 140.7 53.71843 307740.0 190.520683605 141.917 -26.93249 15370.2 942.125 9.93333
2009-09-30 0.106667 2.42333 3.71667 1.59861 3670.27 2.35255 -12.2554 138.475 31.73153 308393.0 188.352676745 154.5 -26.71869 15981.0 957.825 9.83333
2009-12-31 0.146667 2.25333 3.49 2.71881 3722.15 1.77525 -12.1642 144.45 28.08609 309056.0 188.1685764 150.5 -8.38747 16642.6 972.425 9.63333
2010-03-31 0.156667 1.54667 2.78667 3.07585 3764.43 1.20287 -11.5964 143.25 23.96637 309657.0 185.3105151 144.917 3.380157 17062.7 996.275 9.46667
2010-06-30 0.136667 1.48667 2.86333 2.73073 3807.55 1.22979 -11.1895 146.525 18.02262 310197.0 183.13478375 135.583 4.867746 17525.4 1010.0 9.5
2010-09-30 0.126667 2.12 3.46 1.89321 3809.6 2.14823 -10.6219 149.375 1.139585 310734.0 181.053033695 145.583 12.85084 17786.8 1026.85 9.03333
2010-12-31 0.0466667 1.86333 3.21 1.65266 3865.23 3.34611 -10.8844 161.3 7.417185 311295.0 180.126094895 143.583 4.724924 18035.3 1032.12 9.06667
2011-03-31 0.0233333 1.15333 2.42667 1.18285 3896.77 3.71598 -10.3853 152.975 0.6945962 311864.0 179.22104215 154.833 3.896691 18703.0 1032.25 9.0
2011-06-30 0.0133333 0.953333 2.04667 1.68217 3946.32 3.34471 -9.94962 152.75 6.812154 312439.0 176.693846505 167.917 6.395 19027.5 1040.93 8.63333
2011-09-30 0.0666667 0.896667 2.03667 2.75311 3993.48 2.82931 -9.14226 152.8 20.186 313018.0 176.4273516 176.833 4.877683 19269.0 1064.53 8.26667
2011-12-31 0.0866667 0.786667 1.82333 2.48706 4030.48 1.88794 -9.0494 156.85 11.3743 313594.0 180.40546395 184.833 4.197712 19598.3 1071.05 8.2
2012-03-31 0.103333 0.666667 1.64333 2.39464 4056.98 1.68484 -8.71416 149.55 9.438302 314162.0 183.169543955 195.083 8.57058 19815.4 1075.2 8.03333
2012-06-30 0.0866667 0.693333 1.70667 1.27712 4074.32 1.90356 -8.56964 164.85 0.5830165 314723.0 186.130598455 227.0 5.053527 20158.7 1101.47 7.8
2012-09-30 0.0866667 0.826667 1.95 1.31384 4118.85 1.74019 -6.40426 152.3 -0.7986099 315253.0 190.868285655 238.083 5.938406 20455.2 1164.5 7.73333
2012-12-31 0.05 0.916667 1.99667 1.03629 4135.35 1.41473 -4.72638 154.65 1.259028 315787.0 196.823867445 216.5 10.36653 20523.7 1235.43 7.53333
2013-03-31 0.0333333 1.50667 2.71 1.69367 4187.33 1.50495 -5.84178 155.6 1.780889 316396.0 202.00828765 220.75 10.79688 20650.1 1190.88 7.23333
2013-06-30 0.0633333 1.44 2.74667 2.66246 4249.98 1.20734 -4.7289 154.425 4.747982 317081.0 206.162775855 252.917 13.60403 20820.0 1234.38 6.93333
2013-09-30 0.0466667 1.60333 2.76333 1.71509 4257.83 1.42446 -4.83706 157.45 -0.7650407 317766.0 209.407061655 235.25 11.25663 21148.4 1242.38 6.66667
2013-12-31 0.0333333 1.65667 2.62333 2.66854 4330.23 2.06611 -4.79887 157.475 6.454652 318420.0 210.805194345 246.083 10.58283 21051.3 1257.78 6.23333
2014-03-31 0.0266667 1.7 2.49667 3.18516 4405.58 1.78255 -4.85768 153.575 7.962259 319075.0 212.64233555 255.667 6.768262 21359.2 1264.22 6.1
2014-06-30 0.0233333 1.60333 2.28 2.69914 4433.98 1.17738 -4.83926 152.025 7.400638 319731.0 215.483660455 264.083 10.04383 21631.8 1268.78 5.7
2014-09-30 0.0266667 1.45333 1.96667 3.75946 4468.67 -0.107384 -4.25077 142.475 9.619068 320386.0 218.12672345 246.833 18.58408 21797.8 1294.25 5.56667
2014-12-31 0.02 1.52333 2.16667 3.2951 4523.3 0.0305772 -4.58844 158.65 1.214523 321040.0 220.074582345 288.917 14.33853 21968.4 1310.07 5.4
2015-03-31 0.04 1.55333 2.22 2.40465 4556.92 0.150597 -4.84268 161.575 -2.76337 321696.0 222.5425569 290.25 14.98005 22361.1 1308.62 5.1
2015-06-30 0.126667 1.58667 2.19 2.01846 4571.8 0.408578 -3.95924 157.475 -11.14247 322354.0 226.310820605 281.083 8.609338 22721.2 1347.0 5.0
2015-09-30 0.29 1.37333 1.92 1.35535 4581.3 1.05913 -5.14049 163.275 -6.191678 323011.0 229.318222045 288.333 -1.751534 23058.1 1309.85 4.93333
2015-12-31 0.26 1.24333 1.75333 1.23079 4634.5 1.07226 -5.04136 167.225 -8.206524 323667.0 231.12961495 289.417 -1.033904 23122.7 1320.3 4.86667
2016-03-31 0.296667 1.12667 1.56333 1.51565 4682.27 1.14865 -4.77594 167.5 -1.624606 324324.0 233.919443255 287.417 3.273796 23333.9 1339.82 4.93333
2016-06-30 0.43 1.61 2.13 1.83592 4726.38 1.80321 -4.9663 174.075 8.667367 324982.0 238.1202784 312.083 5.475156 23674.2 1342.82 4.73333
2016-09-30 0.6 1.94333 2.44333 2.00101 4764.42 2.56509 -4.71044 177.925 3.341824 325640.0 242.1370132 309.417 7.268847 23675.7 1372.55 4.66667
2016-12-31 0.903333 1.81 2.26333 2.20602 4812.5 1.90351 -4.70667 170.075 6.350792 326297.0 244.46723435 291.667 9.771558 23719.4 1364.6 4.33333
2017-03-31 1.05667 1.81667 2.24333 2.29943 4875.15 1.97412 -4.69042 168.275 5.354084 326955.0 247.792627295 293.0 3.430664 23875.7 1388.1 4.3
2017-06-30 1.22667 2.07 2.37 2.49414 4934.12 2.1158 -5.10504 186.825 9.315519 327612.0 252.697678445 314.083 7.339 24134.9 1413.86 4.1
2017-09-30 NA NA 2.905 2.79 4987.062 2.345 -5.516 192.3447 NA NA 256.587750148 324.6256 8.39 NA 1369.43 4.05
