date wrgdp woil wgold wcopp walum wgas wfood
1993-12-31 10160500.0 16.06 381.44 2145.4 1337.89 1.95333 92.751
1994-03-31 10255200.0 16.7967 385.807 2457.05 1507.18 1.70333 93.5935
1994-06-30 10341300.0 16.5367 384.483 2773.22 1820.26 1.60333 97.1039
1994-09-30 10403400.0 16.89 379.103 2932.97 1919.21 1.54333 99.194
1994-12-31 10480500.0 18.1033 387.937 2886.72 1794.59 1.62667 98.7511
1995-03-31 10573500.0 16.2167 384.31 3011.53 1839.96 1.54667 105.588
1995-06-30 10626200.0 16.9667 385.297 2905.46 1663.16 2.17333 109.137
1995-09-30 10713200.0 18.5667 400.14 2573.12 1599.09 3.42667 111.659
1995-12-31 10831100.0 19.5033 390.017 2482.16 1556.83 2.32 118.08
1996-03-31 10921800.0 20.9033 384.653 1981.67 1445.36 2.11667 112.042
1996-06-30 11018000.0 23.5667 375.973 2148.12 1426.7 3.07333 103.342
1996-09-30 11107100.0 21.1733 351.163 2423.2 1595.48 2.47333 108.785
1996-12-31 11240400.0 18.0533 343.023 2503.89 1583.11 2.15667 104.546
1997-03-31 11343800.0 18.5067 323.643 2270.67 1637.36 2.5 98.3784
1997-06-30 11435300.0 18.74 306.55 1914.95 1581.38 2.79667 99.7718
1997-09-30 11489400.0 14.12 294.177 1703.72 1464.73 2.18333 97.7736
1997-12-31 11546100.0 13.3667 299.903 1726.62 1362.73 2.24333 96.5692
1998-03-31 11623700.0 12.4433 288.653 1642.2 1321.87 2.01 90.2396
1998-06-30 11715500.0 11.1867 293.91 1546.23 1283.94 1.91 90.6339
1998-09-30 11766600.0 11.2967 286.803 1407.14 1196.38 1.80667 84.5528
1998-12-31 11849400.0 15.46 273.457 1466.36 1307.21 2.23333 77.7263
1999-03-31 11980900.0 20.6133 259.17 1681.82 1443.02 2.54667 75.296
1999-06-30 12141100.0 24.0167 295.657 1738.3 1499.5 2.48 75.3284
1999-09-30 12277200.0 26.9267 290.19 1789.82 1638.71 2.62 77.0944
1999-12-31 12429700.0 26.7667 280.203 1741.44 1479.11 3.63 76.7704
2000-03-31 12513200.0 30.6733 276.58 1873.55 1564.77 4.47667 73.557
2000-06-30 12603800.0 29.7233 269.153 1846.86 1511.85 6.50667 76.7002
2000-09-30 12663200.0 25.8733 263.463 1765.53 1581.48 6.32 77.6831
2000-12-31 12710200.0 27.2733 267.687 1653.63 1503.86 4.36333 76.8568
2001-03-31 12726200.0 25.3033 274.447 1473.91 1381.03 2.73333 82.6193
2001-06-30 12772400.0 19.35 278.357 1421.78 1316.1 2.40667 77.1646
2001-09-30 12859100.0 21.1333 290.357 1554.84 1380.58 2.53 77.8829
2001-12-31 12954600.0 25.0533 312.783 1608.95 1356.22 3.37667 80.3294
2002-03-31 13040900.0 26.93 314.227 1517.83 1311.19 3.21333 86.4052
2002-06-30 13101300.0 26.7367 322.517 1550.31 1351.0 4.3 88.3548
2002-09-30 13177900.0 31.52 352.093 1662.7 1396.09 6.37667 88.263
2002-12-31 13264400.0 26.17 346.717 1641.12 1380.6 5.63333 86.443
2003-03-31 13423000.0 28.45 363.247 1751.81 1435.5 4.86333 86.4754
2003-06-30 13581100.0 29.39 391.927 2054.21 1511.54 5.1 97.8978
2003-09-30 13744300.0 31.9233 408.447 2738.24 1649.02 5.62333 106.685
2003-12-31 13858900.0 35.4467 393.137 2786.29 1677.8 6.11 106.922
2004-03-31 13977600.0 41.3867 401.29 2849.06 1708.35 5.49 98.5297
2004-06-30 14089500.0 44.1633 433.973 3090.98 1827.31 6.36 95.4513
2004-09-30 14248500.0 47.6967 427.093 3268.82 1900.75 6.42 100.004
2004-12-31 14377500.0 51.6267 427.253 3392.69 1789.22 6.93667 100.658
2005-03-31 14532300.0 61.47 439.48 3758.11 1829.22 10.0467 98.5783
2005-06-30 14678800.0 56.88 485.557 4296.4 2072.06 12.26 100.76
2005-09-30 14868100.0 61.7533 553.983 4943.65 2420.1 7.68333 105.675
2005-12-31 15003400.0 69.5333 626.613 7248.98 2651.7 6.49333 106.755
2006-03-31 15107800.0 69.62 621.497 7668.76 2481.0 6.03667 107.376
2006-06-30 15299600.0 59.68 614.467 7074.27 2719.15 6.66333 115.563
2006-09-30 15473900.0 57.7633 650.273 5939.59 2799.33 7.22333 120.878
2006-12-31 15635300.0 68.5833 667.24 7639.42 2759.68 7.5 126.667
2007-03-31 15768400.0 74.9533 681.12 7716.78 2552.68 6.17333 138.727
2007-06-30 15925900.0 88.56 789.043 7230.43 2445.35 7.03 155.858
2007-09-30 16021100.0 96.9367 926.777 7759.12 2729.03 8.65 186.15
2007-12-31 16078900.0 121.397 895.95 8446.65 2940.46 11.3467 206.37
2008-03-31 16061800.0 114.397 870.523 7691.57 2791.78 9.03 190.13
2008-06-30 15881800.0 54.66 794.55 3939.01 1829.86 6.39667 137.625
2008-09-30 15633600.0 44.4333 908.707 3434.6 1359.46 4.57 140.779
2008-12-31 15692000.0 58.6967 920.77 4675.44 1487.95 3.70333 153.886
2009-03-31 15779600.0 68.2 960.23 5839.04 1805.54 3.16667 151.062
2009-06-30 15932700.0 74.63 1101.64 6642.07 2000.33 4.36 154.848
2009-09-30 16101300.0 76.25 1108.9 7242.87 2164.89 5.14667 154.0
2009-12-31 16306500.0 78.51 1195.28 7012.54 2091.36 4.32 146.093
2010-03-31 16479300.0 76.82 1226.59 7241.57 2088.69 4.28 160.859
2010-06-30 16627200.0 86.4667 1367.49 8633.28 2342.77 3.8 187.133
2010-09-30 16733300.0 104.96 1384.38 9644.99 2502.19 4.17667 204.588
2010-12-31 16848400.0 117.36 1504.3 9136.91 2599.43 4.36667 200.899
2011-03-31 16988100.0 113.34 1700.16 8981.66 2398.3 4.12 201.164
2011-06-30 17099100.0 109.397 1685.5 7488.29 2089.64 3.32333 187.56
2011-09-30 17237000.0 118.49 1690.84 8306.82 2177.99 2.45667 193.085
2011-12-31 17315800.0 108.417 1610.76 7868.65 1978.11 2.28333 196.714
2012-03-31 17392600.0 109.613 1654.8 7705.22 1917.56 2.87667 214.601
2012-06-30 17464400.0 110.087 1718.89 7908.36 1996.91 3.4 202.352
2012-09-30 17591300.0 112.493 1630.47 7930.94 2002.38 3.49 195.758
2012-12-31 17716700.0 102.577 1413.65 7147.38 1834.46 4.01333 190.535
2013-03-31 17868900.0 110.27 1327.54 7072.78 1780.23 3.55667 181.943
2013-06-30 18007600.0 109.21 1272.47 7152.67 1768.32 3.84333 178.811
2013-09-30 18124000.0 108.167 1293.95 7040.09 1708.19 5.18333 180.701
2013-12-31 18236500.0 109.7 1288.54 6786.72 1798.06 4.58667 181.527
2014-03-31 18390200.0 101.823 1281.93 6993.48 1987.11 3.93667 168.517
2014-06-30 18528800.0 76.4033 1200.36 6622.98 1965.87 3.76667 163.359
2014-09-30 18679200.0 53.9167 1219.22 5817.56 1799.5 2.87333 153.724
2014-12-31 18793700.0 61.6933 1192.82 6042.48 1764.88 2.73 146.471
2015-03-31 18907600.0 50.2333 1124.03 5258.85 1590.83 2.74667 139.467
2015-06-30 18988600.0 43.57 1104.4 4891.26 1494.77 2.10667 135.189
2015-09-30 19108500.0 33.6967 1181.21 4671.42 1515.42 1.97667 136.41
2015-12-31 19227400.0 45.5233 1259.35 4728.32 1571.15 2.13 150.959
2016-03-31 19345300.0 45.7867 1334.82 4772.06 1619.95 2.85 149.593
2016-06-30 19488800.0 49.1867 1217.98 5276.56 1709.64 3.01 146.623
2016-09-30 19618900.0 53.68 1219.36 5831.0 1850.81 2.98333 149.901
2016-12-31 19787700.0 49.67 1256.96 5661.4 1908.78 3.04667 147.373
2017-03-31 19954400.0 52.11 1277.84 6348.21 2011.29 2.93333 145.548
2017-06-30 20105800.0 61.53 1274.26 6807.85 2101.75 2.87333 144.77
2017-09-30 NA NA 1320.801 7042.066 2193.022 2.849 147.989
